-0.09645670991775157,-0.08924720783467233,0.20979128960118798,
-0.10437104855707202,-0.10581877147890006,0.21618779903495355,
-0.10169627505242268,-0.12504746399442185,0.23215875074633507,
-0.09967279615084651,-0.11108954097464285,0.22347571147794754,
-0.09614630764238358,-0.09968810346694054,0.2200500323886413,
-0.10253374195022685,-0.12069295217296758,0.23087996468613836,
-0.10359695285403375,-0.1177687188525757,0.22473001692041206,
-0.10139535310535663,-0.11098168157399749,0.22244012118034484,
-0.10029205885512521,-0.13280732788886934,0.2446695864279027,
-0.09840924825237746,-0.12325807585679815,0.23510849275467172,
-0.09706068892998454,-0.09515494197002228,0.21884874442567404,
-0.10163807303943406,-0.11244274960741082,0.21755514556184363,
-0.0950348865939647,-0.10277051112732988,0.22613122149984877,
-0.09403412332249261,-0.1287787866458317,0.246522383318025,
-0.09609033667388645,-0.08200353703663335,0.20661740973584763,
-0.09860535969408468,-0.1348423118519681,0.2448583399654849,
-0.10747186536189468,-0.06504614065029396,0.17469267184799842,
-0.1058099192253894,-0.07681902554720804,0.18862453147292824,
-0.10042287205241895,-0.1186575187188901,0.23180206727155794,
-0.10756461422894709,-0.1157034559894155,0.22452404854638508,
-0.09514231129933798,-0.12147849180637924,0.23805366081443324,
-0.09942429029806654,-0.14092744467615215,0.24429492655673724,
-0.10343801626071503,-0.1229667749115812,0.2319892702279438,
-0.10746488509815832,-0.10821262557429318,0.21721516137260455,
-0.10117249718494092,-0.10953975200817445,0.22731636126998855,
-0.09290598407904999,-0.08452843475933039,0.20873105674144865,
-0.09840924825237746,-0.12325807585679815,0.23510849275467172,
-0.10615642549769122,-0.10086184279755414,0.21198090068871767,
-0.09383779949872878,-0.11510193658330592,0.23769151193104576,
-0.1069229203189061,-0.0720511888168606,0.18752359220759907,
-0.09241361036922574,-0.11265999600190915,0.2356029492815953,
-0.09605820612638788,-0.10987142478874254,0.23041899483368422,
-0.09101638645931182,-0.12455371994572317,0.24629817536933973,
-0.1004623046454256,-0.10384986020549927,0.21816465185228784,
-0.09931613374016296,-0.10689878165449346,0.22426101136166487,
-0.09579157677166111,-0.10232800775770379,0.2231354306325536,
-0.1015908649381918,-0.11170238654573231,0.227421018380914,
-0.10012979027738467,-0.13170357733778867,0.23561641103813735,
-0.1044028254238778,-0.1232499176849485,0.233972038200577,
-0.10045945043936805,-0.0699641115457117,0.1895865085300863,
-0.0958784856098448,-0.11910915258711954,0.23590437511634144,
-0.10009102156310173,-0.11325685407175909,0.2235783157505391,
-0.09698300929991499,-0.13492883813358342,0.24590202686773877,
-0.10428226384548495,-0.12721261671051157,0.2322333020866677,
-0.10673547493332913,-0.1181059846948952,0.22665999897822697,
-0.1058099192253894,-0.07681902554720804,0.18862453147292824,
-0.09774827794591767,-0.1429462806705566,0.24449069443935967,
-0.09788530863195366,-0.1144803391218949,0.23261045007993952,
-0.5130115876766331,-0.24315628280951035,1.0736816346395173,
-0.09931613374016296,-0.10689878165449346,0.22426101136166487,
-0.10141069511979472,-0.10417011337509821,0.220131405884055,
-0.1013489195426493,-0.10620059458329995,0.21924048003211927,
-0.09325835247217651,-0.10490431722623916,0.22627777332199517,
-0.09952368377663484,-0.10764312839560494,0.22923136483320916,
-0.10119400893278868,-0.14039936080485801,0.23920320057214506,
-0.10958926288617138,-0.10474216586229984,0.20811091166626872,
-0.10797724754489862,-0.12453038281527062,0.22700197361098284,
-0.09980456220335437,-0.1449290933735694,0.24359243057455782,
-0.10308796615549398,-0.10125672877556158,0.21502846315451174,
-0.10565501396318416,-0.1103527707186979,0.2173594393083873,
-0.09816655740942998,-0.13276354720510558,0.2447171865988651,
-0.06620337862620002,-0.010148001161516873,0.07109318705439693,
-0.09908994155765283,-0.1142231834449326,0.23058731001024624,
-0.10038730547914482,-0.12923956394622657,0.23245512750429387,
-0.10179052000594896,-0.13161554526471425,0.2345729382458842,
-0.10373935084814645,-0.12905941071198665,0.23036950438910042,
-0.09920916709769262,-0.12946452220991175,0.2344920544278073,
-0.09308755500152827,-0.1265508837068828,0.24539341009592475,
-0.10519368015614033,-0.10539168448149477,0.21318435735064944,
-0.0945870746879458,-0.12331097719170558,0.23619624659982463,
-0.10229745162958848,-0.10651614522745181,0.22120923233282197,
-0.089962075453554,-0.06372630384972297,0.1945861637440407,
-0.0958784856098448,-0.11910915258711954,0.23590437511634144,
-0.09801664155918494,-0.10918340316679948,0.22539499149753361,
-0.0982423909890105,-0.10991641422262208,0.23037008045957996,
-0.09500907568484845,-0.05572506983363895,0.176832679786736,
-0.09551429826105062,-0.0888989991690399,0.20783679841116431,
-0.0857859938699369,-0.09149340087865354,0.2248473242758834,
-0.0919821452130622,-0.09835279590899379,0.2259920885432335,
-0.10471638414531481,-0.11004676307170269,0.2153862986106162,
-0.09465834833878423,-0.12841080621704387,0.24349563155433696,
-0.09130730268668075,-0.12910346154724806,0.24959615570717286,
-0.09471921551722756,-0.10538546828348622,0.22922698957374255,
-0.1103637068742655,-0.1166812907515048,0.21557718018694927,
-0.08697344997630069,-0.12001620156289866,0.24410494262186955,
-0.10446380896655172,-0.13724453268561523,0.22888507496127075,
-0.11867336915780718,-0.10136821913213509,0.19887137251015152,
-0.09495159858678559,-0.09794183645225402,0.22295297195394215,
-0.11347638933189125,0.008171181316049159,-0.004172897534404196,
-0.09594901872118394,-0.0536527953603311,0.012369352681721457,
-0.13064780349090327,-0.0907864935860569,0.1577785822176091,
-0.12353694985912739,0.020459406340108066,0.004269667877998984,
-0.12981477545669257,0.003917672121130228,0.00010100283086078576,
-0.27497046988746554,-0.03583129582949074,0.37926844877994836,
-0.283672769528628,-0.03179931222151863,0.37138297050395574,
-0.286215353923305,-0.03055931893404032,0.3803736701631838,
-0.15130792578772678,0.02320583511776525,0.0019250509386723458,
-0.5130115876766331,-0.24315628280951035,1.0736816346395173,
-0.28513311049334245,-0.020380458694334386,0.3392783023481206,
-0.5130115876766331,-0.24315628280951035,1.0736816346395173,
-0.1464102594845873,0.03287238622586164,-0.0011841587760379468,
-0.5130115876766331,-0.24315628280951035,1.0736816346395173,
-0.5130115876766331,-0.24315628280951035,1.0736816346395173,
-0.2921455952980476,-0.01175065052317037,0.41293507498984394,
-0.13848968453238758,0.02438962048228832,-0.0016239423208290749,
-0.2931235325151344,-0.01961579224004753,0.40734779549062505,
-0.2775564630650871,-0.034691880777864725,0.381854337760419,
-0.2894547953590584,-0.03172751239077076,0.4094975460528745,
-0.5130115876766331,-0.24315628280951035,1.0736816346395173,
-0.5130115876766331,-0.24315628280951035,1.0736816346395173,
-0.28718143063409834,-0.029679688657734404,0.3839271215725639,
-0.2926136564792413,-0.02278807891920348,0.42292144001633947,
-0.2711206876900777,-0.03749349308573474,0.3785898311740321,
-0.2821544417780142,-0.03351623483813934,0.3971493345688897,
-0.29199739827009497,-0.02061048734035359,0.4334261135258397,
-0.27891401934027993,-0.03575057044083782,0.3919713140911477,
-0.2787614953213067,-0.033727788518226526,0.398161746704665,
-0.10372946659303067,0.044113337976801004,0.005382423888547372,
-0.28685231089832397,-0.03240622692393247,0.43573434423769175,
-0.11843046948042962,-0.009805543927133509,0.012246125977976696,
-0.09497341272534149,-0.007280443878145443,0.0030681680688562363,
-0.09975362738011279,-0.012190335193479507,-0.0012720393488359072,
-0.12365372184527001,-0.10059141934126647,0.1779459378998952,
-0.0826239580731507,-0.022554527921174183,0.010304935347806854,
-0.5130115876766331,-0.24315628280951035,1.0736816346395173,
-0.11040319706702134,-0.07069532063109965,0.1795925509383679,
