-0.07079500907280978,-0.1771670778216823,0.28388163751930673,
-0.05727586019677222,-0.19008998509619157,0.28686658517976416,
-0.5130115876766331,-0.24315628280951035,1.0736816346395173,
-0.054727156564694235,-0.19411060168406258,0.2946749136915403,
-0.059569396461099156,-0.17932311811690224,0.29156458209338365,
-0.5130115876766331,-0.24315628280951035,1.0736816346395173,
-0.027283467403302064,-0.2155676052551979,0.314237858246351,
-0.039428495879287095,-0.2046352252157192,0.2944969020292496,
0.20876825316670267,-0.2513075160521841,0.012310983818025756,
-0.02599727277150743,-0.22247182322825942,0.3154628160093469,
-0.06588118350934652,-0.18084490636739595,0.2844519927554613,
-0.03341695618543239,-0.21194274402606572,0.3040878712721591,
-0.04407360208122707,-0.19946014409550672,0.2977677295100374,
-0.5130115876766331,-0.24315628280951035,1.0736816346395173,
-0.07075783556238469,-0.16307633246963132,0.27417045054451306,
0.21156338902299454,-0.24897493043696184,0.009132663135567487,
-0.09368401981932745,-0.1070788126724865,0.2263771238978045,
-0.09163853781992587,-0.12417164898330432,0.2432777046970429,
-0.5130115876766331,-0.24315628280951035,1.0736816346395173,
-0.04398737142706016,-0.2046531042836815,0.2923081972181467,
-0.5130115876766331,-0.24315628280951035,1.0736816346395173,
-0.5130115876766331,-0.24315628280951035,1.0736816346395173,
-0.5130115876766331,-0.24315628280951035,1.0736816346395173,
-0.052731200897283226,-0.19585077639215542,0.293937303797671,
-0.05557820690503157,-0.1904521123054968,0.29415023234172366,
-0.07496218757435791,-0.16440900368172934,0.26610895264796675,
-0.03478290168640047,-0.208449877233794,0.3045436750112869,
-0.06645733290894174,-0.18092518293344534,0.28546901239852895,
-0.5130115876766331,-0.24315628280951035,1.0736816346395173,
-0.09211384906340891,-0.11718765995999053,0.23785854399692175,
-0.03344044951340902,-0.2100135230936394,0.2985748424720205,
-0.04404138879745745,-0.20287762503158197,0.29308723440346096,
-0.5130115876766331,-0.24315628280951035,1.0736816346395173,
-0.04008704293445087,-0.20140371193421674,0.30332735882937556,
-0.04079095172231478,-0.2028510206290744,0.2942022738371437,
-0.05412491926784274,-0.1940461695066148,0.29365121861341714,
-0.02766935629235434,-0.21538389954326215,0.3058333302834747,
0.21712933557026692,-0.24879872473786424,0.012464441781150137,
-0.03277322865050897,-0.2119008477026587,0.303054897797737,
-0.09009287679379957,-0.13320857085647012,0.24992954025326275,
-0.02653079920178253,-0.22245363111523564,0.3133436858211649,
-0.034084652578674934,-0.20996482993485083,0.2964675653054555,
0.20006429752851118,-0.24204490104680476,0.017322736842823927,
-0.029402929888287854,-0.21883540425925463,0.301114321750345,
-0.02501361745391556,-0.21878356588901599,0.30331567743839016,
-0.09550669549806295,-0.11499531945434602,0.2366560923494414,
0.23799266454581824,-0.2578067906799686,0.00878675926058281,
-0.034084652578674934,-0.20996482993485083,0.2964675653054555,
-0.09904572485042618,-0.07029654572587454,0.19157937874475373,
-0.03945652211966627,-0.20134802951729835,0.302300263665491,
-0.03488124341185789,-0.20473155134625598,0.2998153243880012,
-0.04409540699783143,-0.2011021184992518,0.29386628355867794,
-0.05212636019683631,-0.1957886381603517,0.2929126360121017,
-0.02766935629235434,-0.21538389954326215,0.3058333302834747,
0.23006132283771186,-0.2508918257692219,0.011717813876165772,
-0.055491628759774814,-0.18884156050646456,0.29803874268834085,
-0.5130115876766331,-0.24315628280951035,1.0736816346395173,
-0.5130115876766331,-0.24315628280951035,1.0736816346395173,
-0.054835476817456874,-0.1905502587805163,0.2962371057087393,
-0.03286632312550958,-0.20811054042203653,0.29517820058984623,
0.23914113840922746,-0.2600781341414728,0.009924489886090404,
-0.10211918670789155,-0.05155387806851053,0.16690959471238553,
-0.5130115876766331,-0.24315628280951035,1.0736816346395173,
0.2093414719258726,-0.24659969330145715,0.013326259296026821,
0.21005808556984373,-0.24660311059823858,0.012274357830823535,
0.17297008622836663,-0.2308399039144053,0.015522169136377162,
0.19266288283149846,-0.24461545887119762,0.011854999938405664,
0.18457203963194613,-0.23296146942767626,0.016865218937703874,
-0.05533518957797812,-0.19530796513603538,0.2814208839237139,
0.17562435901823803,-0.23315403908412297,0.014541273850256164,
-0.03146297932954406,-0.21364633147414308,0.3033657694796268,
-0.08191033161917094,-0.15528811612494245,0.27108196429996445,
0.18533474115199566,-0.23531636975293263,0.01478113893747346,
-0.5130115876766331,-0.24315628280951035,1.0736816346395173,
-0.5130115876766331,-0.24315628280951035,1.0736816346395173,
-0.09854614625486185,-0.1367885789881198,0.2440043652035584,
-0.047942689853626486,-0.20412658254512478,0.2755265238104977,
-0.05155907255760617,-0.19053949790658337,0.297345533578235,
-0.037389427958629484,-0.20981605017363486,0.28906876697308836,
-0.042794176008489004,-0.20971052525920325,0.28162294018148115,
0.18024725938701014,-0.23778762057413422,0.01362789964868849,
0.2161447160838207,-0.2535882880174065,0.008227746170921924,
-0.5130115876766331,-0.24315628280951035,1.0736816346395173,
0.16314531632825313,-0.2476239517077587,0.00801977314794522,
0.20740626619619995,-0.25364230402328325,0.013387404709170436,
0.23018414583800895,-0.279151666676469,0.0003682109541987,
0.11242231946629211,-0.22255884764495082,0.010930674377785277,
0.1286397692299477,-0.2175401672211985,0.0207714238374197,
-0.11712985431701778,-0.09769761464595,0.01712313809738486,
-0.11185274078217172,-0.2026309515186317,0.1968898858089465,
0.03529348978678859,-0.23843279522800287,0.007169623329624342,
-0.1278447937450658,-0.0743312169122537,0.0007420683342549417,
-0.14125525271710182,-0.09201713785854637,0.009755706052382518,
-0.2002103923173229,-0.00423766386127325,0.002999734396378795,
-0.2099312466122265,0.023704834050800483,0.005601788567206167,
-0.22012279407424312,0.008391896417724254,-0.004439513180204635,
-0.16833791241309765,-0.08993177594342927,0.009250141929044942,
-0.18010089523777406,-0.029336310474848304,0.003905385109890691,
-0.23955854506972163,-0.0020204967395181794,0.001328167683121606,
-0.5130115876766331,-0.24315628280951035,1.0736816346395173,
-0.16769987723063468,-0.04833713830420058,0.0031460634030158197,
-0.22751934611678504,0.03650579157595851,-0.0006711266964380957,
-0.15873041258311965,-0.009410463513249173,0.0055216308011258874,
-0.5130115876766331,-0.24315628280951035,1.0736816346395173,
-0.13138819655682327,-0.07588434659290993,0.010612717576140573,
-0.21609672433161464,0.05025461273544346,0.00445955042926327,
-0.16685615295286133,0.018740572356471696,-0.005543586136455891,
-0.28676982578498295,-0.03150299612974214,0.3269515473862422,
-0.16434777935203665,0.011071177856525283,0.0027817250314292608,
-0.5130115876766331,-0.24315628280951035,1.0736816346395173,
-0.2067956433028535,0.024001719573878477,0.00471399969157571,
-0.5130115876766331,-0.24315628280951035,1.0736816346395173,
-0.16727541488453213,0.002932491849121477,0.00022831363408659655,
-0.19120183753563097,0.028395351212604225,0.012151786089584338,
-0.5130115876766331,-0.24315628280951035,1.0736816346395173,
-0.17561962103242007,0.005595800351413327,0.00022657525418412483,
-0.17325059849186197,0.028963652405087414,-7.91204541445989e-05,
-0.1011325995959454,-0.035448159707871574,0.0022752889052686243,
-0.5130115876766331,-0.24315628280951035,1.0736816346395173,
-0.14559476357998224,-0.1228587660314526,0.15409355659289592,
-0.13311497216137913,-0.13126861287950595,0.18978688328231075,
-0.13947176517009113,-0.12788892051867437,0.17846627534622772,
0.07320315887613138,-0.21621109197922422,0.013194972103449887,
-0.11832579493881701,-0.16318851008032387,0.2162458814764121,
-0.15098673389385608,0.02344238174304164,0.0009733240437193036,
-0.08046300320934785,-0.1811111651667584,0.25446024242275467,
